# theta[arcmin]            xi_p            xi_m            xi_x               w          sqrt_D       sqrt_Dcor          n_pair
        0.71336  9.53586789e-05 -1.46185779e-04 -2.72765181e-05  1.20236072e+09       1.442e-04       1.442e-04        12157772
        1.45210  7.72443353e-05 -1.40582340e-05 -6.19791662e-07  4.71771002e+09       7.397e-05       7.336e-05        47924117
        2.95582  5.22585861e-05  8.38790684e-06  1.01374922e-06  1.82448773e+10       4.006e-05       3.843e-05       186032285
        6.01675  2.12188771e-05  1.27531566e-05 -1.74958869e-07  6.90052277e+10       2.415e-05       2.107e-05       705469002
       12.24745  1.34213588e-05  4.83666988e-06  8.45580781e-07  2.66587932e+11       1.678e-05       1.165e-05      2730295358
       24.93039  5.64851818e-06  2.17450024e-06 -1.53377390e-07  1.01102897e+12       1.435e-05       6.310e-06     10394180743
       50.74726  2.65818590e-06  1.54142041e-06 -3.64783108e-08  3.56772461e+12       1.639e-05       3.348e-06     36856089151
      103.29898  2.19528093e-06  1.10687669e-06 -4.02426803e-07  1.19221323e+13       2.597e-05       1.802e-06    123304734460
      210.27107  1.59616088e-06  7.46031542e-07 -5.19554777e-08  3.09408226e+13       5.345e-05       1.118e-06    319794703268
