# theta[arcmin]            xi_p            xi_m            xi_x               w          sqrt_D       sqrt_Dcor          n_pair
        0.71336  3.79175087e-05  7.43486893e-05 -1.85274889e-05  1.98950298e+09       1.480e-04       1.480e-04        18727264
        1.45210  4.22283254e-05 -1.54916133e-06 -6.60252461e-06  7.84660545e+09       7.581e-05       7.520e-05        74099303
        2.95582  2.36216404e-05 -7.18127503e-06 -3.19184409e-06  3.06729101e+10       4.089e-05       3.925e-05       290323286
        6.01675  1.50659329e-05  3.38710421e-06 -1.67244422e-07  1.18416102e+11       2.442e-05       2.135e-05      1122277018
       12.24745  6.08016539e-06  4.34051718e-06 -8.95895730e-07  4.65330528e+11       1.681e-05            -nan      4412236263
       24.93039  3.89896060e-06  4.56615177e-07 -1.09680115e-07  1.77307347e+12       1.422e-05            -nan     16841801231
       50.74726  2.76708600e-06  9.68719521e-07 -4.31342040e-08  6.30164999e+12       1.592e-05            -nan     59995024402
      103.29898  2.16333090e-06  1.23312854e-06  1.44502642e-07  2.11420169e+13       2.437e-05       1.842e-06    201327191192
      210.27107  1.36921260e-06 -7.09557173e-08 -4.89195393e-08  5.48834969e+13       4.915e-05       1.135e-06    522169290428
