# theta[arcmin]            xi_p            xi_m            xi_x               w          sqrt_D       sqrt_Dcor          n_pair
        0.71336  1.05285574e-04  6.87733006e-06 -1.00269685e-05  1.33112695e+09       2.010e-04       2.010e-04        16029157
        1.45210  8.53138520e-05  1.54997096e-05 -1.85023197e-05  5.30922433e+09       1.023e-04       1.015e-04        64035348
        2.95582  4.50837507e-05  1.95507065e-05  9.94322115e-06  2.09363500e+10       5.453e-05       5.247e-05       253001083
        6.01675  2.99815611e-05  1.39165109e-05 -1.99293275e-06  8.12063624e+10       3.212e-05       2.829e-05       982463370
       12.24745  1.20179343e-05  2.82066882e-06 -6.18427303e-07  3.19305720e+11       2.175e-05       1.548e-05      3864624688
       24.93039  9.72108636e-06  4.42009795e-06  2.07095391e-07  1.21435972e+12       1.810e-05            -nan     14754058608
       50.74726  3.01926993e-06  2.35114092e-06 -2.52114534e-07  4.28041200e+12       1.990e-05            -nan     52371765481
      103.29898  3.00011833e-06  1.38895234e-06 -2.84435863e-08  1.43147231e+13       3.016e-05       2.414e-06    175551169390
      210.27107  9.83650192e-07  4.26213616e-07 -2.56044164e-07  3.71522192e+13       6.071e-05       1.490e-06    455843269099
