# theta[arcmin]            xi_p            xi_m            xi_x               w          sqrt_D       sqrt_Dcor          n_pair
        0.71336  1.07577544e-05 -2.02381292e-05 -3.07367761e-05  1.84362793e+09       1.532e-04       1.531e-04        18171852
        1.45210  5.40119022e-05  2.74094525e-05  1.07335729e-05  7.31577965e+09       7.831e-05       7.765e-05        72223699
        2.95582  2.13208024e-05 -8.23945814e-06  7.73056105e-06  2.87418847e+10       4.208e-05       4.040e-05       284067338
        6.01675  1.89787891e-05  1.05748875e-06 -1.90390408e-06  1.11308057e+11       2.502e-05       2.192e-05      1100059635
       12.24745  6.97290113e-06  6.09959407e-06  1.47729244e-06  4.38033766e+11       1.714e-05       1.206e-05      4327252930
       24.93039  5.91760482e-06  1.87905765e-07  1.62733417e-07  1.67184591e+12       1.439e-05            -nan     16548609253
       50.74726  3.15020263e-06  1.30958323e-06  8.44966238e-08  5.94332496e+12       1.601e-05            -nan     59032582640
      103.29898  8.23528136e-07  7.52107961e-07 -7.16263956e-10  1.99135571e+13       2.447e-05       1.866e-06    197951875598
      210.27107  8.22224509e-07  9.04741640e-08 -1.96301008e-07  5.16427439e+13       4.961e-05       1.153e-06    513442984708
