# theta[arcmin]            xi_p            xi_m            xi_x               w          sqrt_D       sqrt_Dcor          n_pair
        0.71336  9.05926647e-05  1.64886016e-05 -3.65268186e-06  1.14743534e+09       2.030e-04       2.029e-04        12706903
        1.45210  7.22215001e-05  3.78578107e-06 -7.20454624e-06  4.60578294e+09       1.030e-04       1.021e-04        51151426
        2.95582  6.56162536e-05  2.45285175e-05 -1.53852574e-06  1.82371675e+10       5.493e-05       5.282e-05       203068119
        6.01675 -1.35102070e-06  2.57738258e-06  1.11713690e-06  7.08042477e+10       3.235e-05       2.851e-05       790207177
       12.24745  7.36802650e-06  5.82143144e-06 -3.14105782e-07  2.79048702e+11       2.181e-05       1.565e-05      3116655620
       24.93039  4.18698591e-06  3.71145792e-06  1.33467311e-07  1.06516792e+12       1.796e-05            -nan     11934079550
       50.74726  1.91345151e-06  1.83615455e-06  2.86512487e-07  3.78927275e+12       1.936e-05            -nan     42694246102
      103.29898  1.31810943e-07  5.12009598e-07 -5.29658154e-08  1.27277820e+13       2.837e-05       2.471e-06    143631725024
      210.27107 -8.58927323e-08  5.34285362e-07 -1.13896668e-07  3.30365078e+13       5.588e-05       1.512e-06    372957137642
