# theta[arcmin]            xi_p            xi_m            xi_x               w          sqrt_D       sqrt_Dcor          n_pair
        0.71336  1.26383139e-04 -2.68830878e-05 -5.40294045e-06  1.02139934e+09       1.373e-04       1.373e-04         8706504
        1.45210  3.45201823e-05  4.29755796e-05  7.06481384e-07  3.84405727e+09       7.204e-05       7.140e-05        33136932
        2.95582  3.02299633e-05  3.32131497e-06 -4.04326481e-07  1.44609359e+10       3.977e-05       3.808e-05       125717789
        6.01675  1.61118406e-05 -6.42266698e-06  2.70780859e-06  5.42607133e+10       2.416e-05       2.106e-05       473802832
       12.24745  9.74660412e-06  3.76481893e-06  1.83524145e-06  2.09965839e+11       1.672e-05       1.174e-05      1836498201
       24.93039  4.00930380e-06  1.49802887e-06 -1.32139350e-06  7.93982549e+11       1.410e-05       6.502e-06      6958136008
       50.74726  4.42541704e-06  1.08635408e-06 -2.41597471e-07  2.81458790e+12       1.551e-05       3.532e-06     24670533231
      103.29898  9.04880070e-07  1.00179843e-06 -2.10742162e-07  9.41815894e+12       2.292e-05       1.884e-06     82546089651
      210.27107  1.32639295e-06 -3.03961484e-07 -3.19046331e-07  2.44220295e+13       4.528e-05       1.152e-06    213979431097
