# theta[arcmin]            xi_p            xi_m            xi_x               w          sqrt_D       sqrt_Dcor          n_pair
        0.71336  4.36687491e-05 -1.63822490e-05  8.80696440e-06  1.71309018e+09       1.489e-04       1.488e-04        15530145
        1.45210  4.80177579e-05  5.36684614e-05  5.17364243e-07  6.69484636e+09       7.676e-05       7.610e-05        60887420
        2.95582  2.63233346e-05 -2.04068957e-06 -5.18151794e-06  2.59857882e+10       4.165e-05       3.993e-05       236903625
        6.01675  1.04199856e-05 -8.09877110e-07  2.68427164e-07  9.95008847e+10       2.495e-05       2.184e-05       908079027
       12.24745  7.65036963e-06  5.39357428e-06  1.23574914e-06  3.89195501e+11       1.710e-05       1.210e-05      3551489283
       24.93039  3.62907028e-06  1.13512294e-06 -1.02761884e-06  1.48320916e+12       1.427e-05            -nan     13549083609
       50.74726  3.49817844e-06  1.54290793e-06  1.39102302e-08  5.28453995e+12       1.558e-05            -nan     48336838382
      103.29898  1.85709770e-06  3.45756480e-07  3.65897377e-07  1.77113080e+13       2.300e-05       1.908e-06    162076609732
      210.27107  8.44125584e-07  3.02119723e-07 -1.37370667e-07  4.59334788e+13       4.567e-05       1.170e-06    420367278844
