# theta[arcmin]            xi_p            xi_m            xi_x               w          sqrt_D       sqrt_Dcor          n_pair
        0.71336  1.76277560e-04  1.36951380e-05  2.95497139e-05  1.18284063e+09       1.997e-04       1.997e-04        13598475
        1.45210  8.94337467e-05 -2.62911299e-05 -1.09237153e-05  4.61641123e+09       1.029e-04       1.020e-04        53299635
        2.95582  4.50922005e-05  2.64287888e-05  4.52614172e-06  1.79231852e+10       5.539e-05       5.323e-05       207797382
        6.01675  3.35832579e-05  3.96971318e-06 -1.38689291e-06  6.87134653e+10       3.275e-05       2.888e-05       799488885
       12.24745  1.04131975e-05  7.42074738e-06  1.00439007e-06  2.68591717e+11       2.209e-05       1.589e-05      3130173255
       24.93039  3.17893836e-06  4.03794798e-06  2.24186799e-07  1.01852298e+12       1.813e-05            -nan     11915674078
       50.74726  3.42344987e-06  1.42302162e-06  1.52409303e-07  3.59507345e+12       1.946e-05            -nan     42292641277
      103.29898  2.55380842e-07  2.14840978e-06  7.75548914e-08  1.20169452e+13       2.848e-05       2.499e-06    141632929566
      210.27107  8.57231369e-07  8.13354516e-07 -1.94249178e-07  3.10776764e+13       5.642e-05       1.536e-06    366963121784
