# theta[arcmin]            xi_p            xi_m            xi_x               w          sqrt_D       sqrt_Dcor          n_pair
        0.71336  6.76518488e-05  8.66392778e-05 -1.91117510e-05  8.71296546e+08       1.481e-04       1.480e-04         8079856
        1.45210  5.28846241e-05  4.86489712e-05  1.60013467e-06  3.30432866e+09       7.746e-05       7.675e-05        30963002
        2.95582  5.41944753e-05  4.61309533e-05  5.69386473e-06  1.26099719e+10       4.233e-05       4.056e-05       118985893
        6.01675  5.88378867e-06  1.55830219e-05 -8.83516623e-07  4.78691867e+10       2.542e-05       2.226e-05       453337893
       12.24745  7.75361848e-06  3.09908529e-07 -7.68706372e-07  1.86184721e+11       1.740e-05       1.235e-05      1766349763
       24.93039  8.15964565e-06  1.81417167e-06  2.21226408e-06  7.06090201e+11       1.445e-05       6.778e-06      6717336733
       50.74726  3.31024549e-06  1.96026836e-06  4.98062474e-08  2.50413317e+12       1.568e-05       3.639e-06     23885219683
      103.29898  1.28772906e-06  1.18353341e-06 -6.48224115e-07  8.36364172e+12       2.311e-05       1.932e-06     79891400323
      210.27107 -1.03006354e-07  5.34525261e-07 -1.00447783e-07  2.16211652e+13       4.614e-05       1.189e-06    206848993642
