# theta[arcmin]            xi_p            xi_m            xi_x               w          sqrt_D       sqrt_Dcor          n_pair
        0.71336  2.01950125e-04  1.55121587e-05 -1.45297296e-05  4.82306364e+08       2.470e-04       2.469e-04         6799794
        1.45210  1.65930555e-04 -7.86430172e-06  1.02312630e-05  1.83404442e+09       1.286e-04       1.275e-04        26042348
        2.95582  8.42101811e-05  2.54124873e-05 -1.72726164e-06  6.97691501e+09       6.968e-05       6.699e-05        99675259
        6.01675  4.34974297e-05  2.29002558e-05 -5.51273295e-06  2.63476733e+10       4.127e-05       3.644e-05       378382057
       12.24745  1.97381576e-05  1.17265061e-05 -1.74828168e-06  1.01501727e+11       2.781e-05       2.010e-05      1460408296
       24.93039  1.72810280e-05  8.89004996e-06 -1.93481718e-06  3.78400415e+11       2.277e-05       1.109e-05      5465514058
       50.74726  4.35765916e-06  5.32275746e-06  7.15337209e-07  1.30360169e+12       2.421e-05       6.024e-06     18926727807
      103.29898  3.81723595e-06  2.07533429e-06 -3.34431811e-07  4.32608479e+12       3.511e-05       3.231e-06     62936996139
      210.27107  1.49306425e-06  6.94114344e-07 -1.52731468e-07  1.11658507e+13       6.899e-05       1.984e-06    162755015058
