# theta[arcmin]            xi_p            xi_m            xi_x               w          sqrt_D       sqrt_Dcor          n_pair
        0.71336  6.68855505e-05 -1.22524169e-04 -1.05873335e-05  1.20236072e+09       4.790e-05       4.788e-05        12157772
        1.45210  6.58949199e-05 -5.68349251e-06 -1.95675339e-06  4.71771002e+09       2.457e-05       2.436e-05        47924117
        2.95582  3.23924569e-05  1.32435325e-05 -1.34094143e-06  1.82448773e+10       1.331e-05       1.277e-05       186032285
        6.01675  1.12807006e-05  9.61690218e-06  1.87680140e-06  6.90052277e+10       8.022e-06       6.999e-06       705469002
       12.24745  9.79454724e-06  5.72750037e-06  2.27380310e-06  2.66587932e+11       5.575e-06       3.869e-06      2730295358
       24.93039  3.13188887e-06  1.44948885e-06 -6.24712916e-07  1.01102897e+12       4.765e-06       2.096e-06     10394180743
       50.74726  1.45739507e-06  9.79144844e-07 -1.00469396e-07  3.56772461e+12       5.444e-06       1.112e-06     36856089151
      103.29898  1.41378257e-06  1.09056091e-06 -4.56747634e-07  1.19221323e+13       8.626e-06       5.985e-07    123304734460
      210.27107  1.57715873e-06  4.72199069e-07  6.44274480e-08  3.09408226e+13       1.775e-05       3.714e-07    319794703268
