# theta[arcmin]            xi_p            xi_m            xi_x               w          sqrt_D       sqrt_Dcor          n_pair
        0.71336  2.13092790e-05  5.79457509e-05 -2.08702364e-05  1.98950298e+09       5.285e-05       5.283e-05        18727264
        1.45210  3.28044523e-05  6.00105725e-06 -4.30133362e-06  7.84660545e+09       2.706e-05       2.685e-05        74099303
        2.95582  1.65958429e-05 -5.02586641e-06 -2.49314241e-06  3.06729101e+10       1.460e-05       1.401e-05       290323286
        6.01675  1.21236151e-05  2.69750500e-06  3.76177496e-07  1.18416102e+11       8.720e-06       7.623e-06      1122277018
       12.24745  3.48925254e-06  5.26270717e-06 -3.00837664e-07  4.65330528e+11       6.000e-06            -nan      4412236263
       24.93039  3.75967901e-06 -2.59513767e-07  6.77459662e-08  1.77307347e+12       5.077e-06            -nan     16841801231
       50.74726  1.31861340e-06  9.79180924e-07  1.72821066e-07  6.30164999e+12       5.684e-06            -nan     59995024402
      103.29898  1.78183911e-06  7.78683826e-07  7.66105715e-08  2.11420169e+13       8.699e-06       6.576e-07    201327191192
      210.27107  1.06759259e-06 -1.88309703e-07  4.27571051e-08  5.48834969e+13       1.755e-05       4.052e-07    522169290428
