# theta[arcmin]            xi_p            xi_m            xi_x               w          sqrt_D       sqrt_Dcor          n_pair
        0.71336  2.14647910e-05 -2.19490894e-05 -2.26959891e-05  1.84326746e+09       5.456e-05       5.379e-05        18168357
        1.45210  5.19938375e-05  2.20566551e-05  8.17770892e-06  7.31187938e+09       2.978e-05       2.810e-05        72186309
        2.95582  2.21682483e-05 -1.13904900e-06  7.36383010e-06  2.87172253e+10       1.825e-05       1.529e-05       283803613
        6.01675  1.51914002e-05  4.34865469e-06 -1.82258253e-06  1.11204293e+11       1.326e-05       8.461e-06      1098839487
       12.24745  6.50491588e-06  4.47358216e-06  1.59469315e-06  4.37799466e+11       1.189e-05       4.505e-06      4324310756
       24.93039  4.15173664e-06 -5.30914847e-07 -4.75965740e-08  1.66955250e+12       1.424e-05       2.344e-06     16525800144
       50.74726  1.88893349e-06  9.68378001e-07  5.09190295e-08  5.93322634e+12       2.258e-05       1.226e-06     58933847255
      103.29898  5.17261430e-07  6.24347377e-07 -5.09717121e-08  1.99408237e+13       4.218e-05       6.625e-07    198220702287
      210.27107  6.40281449e-07  1.01202779e-07 -3.80999283e-08  5.17250469e+13       9.186e-05       3.974e-07    514252949651
