# theta[arcmin]            xi_p            xi_m            xi_x               w          sqrt_D       sqrt_Dcor          n_pair
        0.71336  9.54832312e-05  1.44947457e-05  2.62283805e-06  1.33112695e+09       6.104e-05       6.102e-05        16029157
        1.45210  6.52995520e-05  5.73842247e-06 -1.83794702e-05  5.30922433e+09       3.105e-05       3.081e-05        64035348
        2.95582  3.36892946e-05  1.64301855e-05  1.02410033e-05  2.09363500e+10       1.656e-05       1.593e-05       253001083
        6.01675  2.42226732e-05  1.15410238e-05 -4.56886164e-07  8.12063624e+10       9.751e-06       8.588e-06       982463370
       12.24745  9.68055499e-06  8.92628879e-07 -3.96972157e-07  3.19305720e+11       6.605e-06       4.700e-06      3864624688
       24.93039  6.12452436e-06  2.35141037e-06 -6.43526578e-08  1.21435972e+12       5.496e-06            -nan     14754058608
       50.74726  1.91511126e-06  1.65359077e-06 -2.40342660e-07  4.28041200e+12       6.043e-06            -nan     52371765481
      103.29898  2.37060377e-06  1.00817931e-06 -6.87033332e-08  1.43147231e+13       9.157e-06       7.328e-07    175551169390
      210.27107  1.34346237e-06  3.34841878e-07 -1.40871613e-07  3.71522192e+13       1.843e-05       4.523e-07    455843269099
