# theta[arcmin]            xi_p            xi_m            xi_x               w          sqrt_D       sqrt_Dcor          n_pair
        0.71336  4.41897310e-05  1.64686915e-06  1.68620831e-05  1.71274535e+09       5.713e-05       5.629e-05        15527195
        1.45210  4.14063920e-05  3.45517568e-05  3.08665735e-06  6.69116502e+09       3.156e-05       2.972e-05        60855546
        2.95582  2.55564527e-05  1.54706622e-06 -5.64637030e-06  2.59632746e+10       1.949e-05       1.631e-05       236686863
        6.01675  9.64876011e-06  3.10373219e-06  6.84818242e-07  9.94123027e+10       1.418e-05       9.124e-06       907111244
       12.24745  5.32382317e-06  3.84032719e-06  6.82697398e-07  3.88984938e+11       1.261e-05       4.925e-06      3549055106
       24.93039  3.73725874e-06  1.46312911e-06 -4.76313895e-07  1.48125131e+12       1.475e-05       2.590e-06     13531138096
       50.74726  2.31658557e-06  1.34262084e-06  8.89729220e-09  5.27558252e+12       2.272e-05       1.350e-06     48255879247
      103.29898  1.43825211e-06  3.99649121e-07  1.55650993e-07  1.77330903e+13       4.168e-05       7.218e-07    162277043100
      210.27107  5.35182457e-07  4.00834654e-07  4.15592681e-08  4.60026591e+13       9.003e-05       4.298e-07    421001615252
