# theta[arcmin]            xi_p            xi_m            xi_x               w          sqrt_D       sqrt_Dcor          n_pair
        0.71336  8.78523247e-05 -2.52846286e-05 -3.04800938e-06  1.02139934e+09       5.270e-05       5.268e-05         8706504
        1.45210  2.04590432e-05  4.75813358e-05 -5.93540669e-06  3.84405727e+09       2.764e-05       2.740e-05        33136932
        2.95582  3.33222798e-05  5.44011044e-06  2.13186916e-06  1.44609359e+10       1.526e-05       1.461e-05       125717789
        6.01675  1.37982862e-05 -4.11073761e-06  3.25425135e-06  5.42607133e+10       9.272e-06       8.082e-06       473802832
       12.24745  8.21646078e-06  1.95763805e-06  1.36546261e-06  2.09965839e+11       6.417e-06       4.504e-06      1836498201
       24.93039  3.47612593e-06  1.47920583e-06 -1.28893560e-06  7.93982549e+11       5.411e-06       2.495e-06      6958136008
       50.74726  3.25047395e-06  1.11525661e-06  1.12356336e-07  2.81458790e+12       5.952e-06       1.355e-06     24670533231
      103.29898  8.44694008e-07  7.65166873e-07 -3.31187624e-07  9.41815894e+12       8.795e-06       7.230e-07     82546089651
      210.27107  1.09470400e-06 -4.27134103e-07 -2.84454126e-07  2.44220295e+13       1.737e-05       4.422e-07    213979431097
