# theta[arcmin]            xi_p            xi_m            xi_x               w          sqrt_D       sqrt_Dcor          n_pair
        0.71336  3.09908595e-05 -2.70901469e-06  6.19094675e-06  1.14720649e+09       6.813e-05       6.722e-05        12704526
        1.45210  7.20709364e-05  4.06584568e-06 -4.41936647e-06  4.60356345e+09       3.679e-05       3.481e-05        51125966
        2.95582  5.76419653e-05  1.87609658e-05 -1.95642521e-07  1.82222575e+10       2.223e-05       1.879e-05       202889844
        6.01675  1.46954198e-06  5.41531851e-06 -9.61027709e-08  7.07380433e+10       1.586e-05       1.040e-05       789317862
       12.24745  6.74160687e-06  4.27355619e-06 -5.84523115e-07  2.78881155e+11       1.389e-05       5.589e-06      3114268178
       24.93039  3.33568751e-06  2.15165264e-06 -3.74599756e-08  1.06381777e+12       1.609e-05       2.948e-06     11918531319
       50.74726  1.69973566e-06  1.88864844e-06  7.32060680e-08  3.78258695e+12       2.459e-05       1.540e-06     42620042851
      103.29898  4.42721359e-07  7.99282630e-07 -5.01550180e-08  1.27431020e+13       4.488e-05       8.222e-07    143808356780
      210.27107  1.32875116e-07  5.04449962e-07 -8.85581684e-08  3.30872871e+13       9.617e-05       4.876e-07    373537415751
