# theta[arcmin]            xi_p            xi_m            xi_x               w          sqrt_D       sqrt_Dcor          n_pair
        0.71336  7.20124278e-05  4.29992869e-05 -1.35836195e-05  8.71296546e+08       5.321e-05       5.320e-05         8079856
        1.45210  6.51919104e-05  3.44465326e-05  5.82129366e-07  3.30432866e+09       2.784e-05       2.758e-05        30963002
        2.95582  5.28506538e-05  4.54854148e-05  4.94697966e-07  1.26099719e+10       1.521e-05       1.458e-05       118985893
        6.01675  1.30926363e-05  1.55000987e-05 -2.41311221e-06  4.78691867e+10       9.135e-06       7.999e-06       453337893
       12.24745  6.53818126e-06  2.71017397e-06  3.48959561e-07  1.86184721e+11       6.253e-06       4.438e-06      1766349763
       24.93039  6.59823619e-06  2.00723533e-06  2.32290807e-06  7.06090201e+11       5.192e-06       2.436e-06      6717336733
       50.74726  3.46996059e-06  8.84827213e-07 -1.55582791e-07  2.50413317e+12       5.636e-06       1.308e-06     23885219683
      103.29898  1.26039139e-06  8.22366407e-07 -5.23962575e-07  8.36364172e+12       8.305e-06       6.942e-07     79891400323
      210.27107 -1.30384450e-07  4.48490146e-07 -1.82279674e-07  2.16211652e+13       1.658e-05       4.274e-07    206848993642
