# theta[arcmin]            xi_p            xi_m            xi_x               w          sqrt_D       sqrt_Dcor          n_pair
        0.71336  1.30907685e-04  1.06829857e-05  2.03738478e-05  1.18272337e+09       6.418e-05       6.367e-05        13597132
        1.45210  8.84010065e-05 -2.68778284e-05 -1.28773863e-05  4.61531444e+09       3.443e-05       3.313e-05        53287129
        2.95582  3.76571014e-05  2.90325828e-05  2.46007728e-06  1.79161222e+10       2.018e-05       1.786e-05       207707563
        6.01675  3.02386338e-05  2.75384407e-06 -3.99559538e-06  6.86779478e+10       1.369e-05       9.923e-06       798997206
       12.24745  9.77456539e-06  6.57310760e-06  1.67991071e-06  2.68445487e+11       1.108e-05       5.377e-06      3128137346
       24.93039  2.83139977e-06  4.04279824e-06  1.59559973e-07  1.01802755e+12       1.149e-05       2.805e-06     11909538170
       50.74726  3.18389095e-06  1.44523722e-06 -6.97893108e-08  3.59185859e+12       1.617e-05       1.455e-06     42255607595
      103.29898  9.11657869e-07  1.88316059e-06  3.92033063e-08  1.20273709e+13       2.893e-05       7.876e-07    141761888122
      210.27107  9.38864973e-07  8.07439552e-07 -6.33183391e-08  3.10754706e+13       6.188e-05       4.864e-07    366935241382
