# theta[arcmin]            xi_p            xi_m            xi_x               w          sqrt_D       sqrt_Dcor          n_pair
        0.71336  2.21894524e-04  4.88431362e-05 -6.31992123e-06  4.82306364e+08       6.855e-05       6.853e-05         6799794
        1.45210  1.15895774e-04  2.03004293e-06  6.49405031e-06  1.83404442e+09       3.570e-05       3.540e-05        26042348
        2.95582  6.99684833e-05  1.60151168e-05 -2.29896846e-06  6.97691501e+09       1.934e-05       1.859e-05        99675259
        6.01675  3.19475570e-05  1.23259470e-05 -5.88822633e-06  2.63476733e+10       1.146e-05       1.011e-05       378382057
       12.24745  1.50034258e-05  9.73399546e-06 -7.52993422e-07  1.01501727e+11       7.719e-06       5.578e-06      1460408296
       24.93039  1.15224338e-05  5.66633499e-06 -1.03022714e-06  3.78400415e+11       6.321e-06       3.077e-06      5465514058
       50.74726  3.53752813e-06  5.50277372e-06  4.01224699e-07  1.30360169e+12       6.719e-06       1.672e-06     18926727807
      103.29898  4.21352561e-06  1.48925799e-06 -1.06453038e-07  4.32608479e+12       9.745e-06       8.966e-07     62936996139
      210.27107  2.16491060e-06  8.59410454e-07 -9.49848134e-08  1.11658507e+13       1.915e-05       5.505e-07    162755015058
